%YAML:1.0
---
cameraMatrix: !!opencv-matrix
   rows: 3
   cols: 3
   dt: d
   data: [ 3.5218164671432379e+02, 0., 2.5422279857651992e+02, 0.,
       3.5208897772997119e+02, 1.9799063113267198e+02, 0., 0., 1. ]
distortionCoefficients: !!opencv-matrix
   rows: 1
   cols: 5
   dt: d
   data: [ 8.5147458670481790e-02, -2.7419617167314492e-01,
       -2.5775868975771942e-03, -2.9841036662513686e-04,
       1.2105654101928337e-01 ]
rotation: !!opencv-matrix
   rows: 3
   cols: 3
   dt: d
   data: [ 1., 0., 0., 0., 1., 0., 0., 0., 1. ]
projection: !!opencv-matrix
   rows: 4
   cols: 4
   dt: d
   data: [ 3.5218164671432379e+02, 0., 2.5422279857651992e+02, 0., 0.,
       3.5208897772997119e+02, 1.9799063113267198e+02, 0., 0., 0., 1.,
       0., 0., 0., 0., 1. ]
