%YAML:1.0
---
rotation: !!opencv-matrix
   rows: 3
   cols: 3
   dt: d
   data: [ 9.9997934989660209e-01, -6.4174159598031563e-03,
       -3.4139825416268902e-04, 6.4220811326688443e-03,
       9.9984974976586705e-01, 1.6100769144937303e-02,
       2.3802162611925745e-04, -1.6102629149676456e-02,
       9.9987031593110787e-01 ]
translation: !!opencv-matrix
   rows: 3
   cols: 1
   dt: d
   data: [ -5.2790910759540365e-02, 1.7626872320789879e-03,
       1.8772125196980227e-04 ]
essential: !!opencv-matrix
   rows: 3
   cols: 3
   dt: d
   data: [ -7.8600342915714750e-07, -2.1607694561277970e-04,
       1.7594361830849832e-03, 2.0028275392984152e-04,
       -8.5127714379292841e-04, 5.2784000531724856e-02,
       -2.1016783443706362e-03, -5.2771667015663368e-02,
       -8.4937248874667945e-04 ]
fundamental: !!opencv-matrix
   rows: 3
   cols: 3
   dt: d
   data: [ -1.8981352176682726e-09, -5.2194582581862085e-07,
       1.6002065511664739e-03, 4.8318177434176640e-07,
       -2.0542450689934097e-06, 4.5131155556481901e-02,
       -5.4101555365819341e-03, -1.2797664083655971e-01, 1. ]
