%YAML:1.0
---
cameraMatrix: !!opencv-matrix
   rows: 3
   cols: 3
   dt: d
   data: [ 1.0162646310308128e+03, 0., 9.3812819561655647e+02, 0.,
       1.0172847346734843e+03, 5.2568703943299204e+02, 0., 0., 1. ]
distortionCoefficients: !!opencv-matrix
   rows: 1
   cols: 5
   dt: d
   data: [ 2.2331997028852281e-02, -3.3036282976657873e-02,
       -7.2919214954905980e-03, -1.0849427595032417e-03,
       -1.8409067004680009e-03 ]
rotation: !!opencv-matrix
   rows: 3
   cols: 3
   dt: d
   data: [ 1., 0., 0., 0., 1., 0., 0., 0., 1. ]
projection: !!opencv-matrix
   rows: 4
   cols: 4
   dt: d
   data: [ 1.0162646310308128e+03, 0., 9.3812819561655647e+02, 0., 0.,
       1.0172847346734843e+03, 5.2568703943299204e+02, 0., 0., 0., 1.,
       0., 0., 0., 0., 1. ]
