%YAML:1.0
---
depthShift: -4.7247027872131667e+01
