%YAML:1.0
---
rotation: !!opencv-matrix
   rows: 3
   cols: 3
   dt: d
   data: [ 9.9948834590081426e-01, -2.1209344364958378e-03,
       -3.1914699521858048e-02, 1.1573652018692579e-03,
       9.9954380223265604e-01, -3.0180257190329990e-02,
       3.1964150453967999e-02, 3.0127878375369364e-02,
       9.9903483624464018e-01 ]
translation: !!opencv-matrix
   rows: 3
   cols: 1
   dt: d
   data: [ -2.8602566892444541e-02, 1.1258193459247039e-03,
       -5.5087772352784021e-03 ]
essential: !!opencv-matrix
   rows: 3
   cols: 3
   dt: d
   data: [ 4.2361526034085841e-05, 5.5401826917295307e-03,
       9.5847643213199738e-04, -4.5917018953046899e-03,
       8.7341841190022198e-04, 2.8750771701766462e-02,
       -1.1583469314468719e-03, -2.8587130676267860e-02,
       8.9916301125867555e-04 ]
fundamental: !!opencv-matrix
   rows: 3
   cols: 3
   dt: d
   data: [ 3.5298934074130679e-08, 4.6456014329618501e-06,
       -7.5517865813034624e-04, -3.8391652761451876e-06,
       7.3487476320788304e-07, 9.2910860509077750e-03,
       1.2987635128276272e-03, -2.9028248950003430e-02, 1. ]
