%YAML:1.0
---
depthShift: -5.2548169620003677e+01
