%YAML:1.0
---
cameraMatrix: !!opencv-matrix
   rows: 3
   cols: 3
   dt: d
   data: [ 1.0066209470439055e+03, 0., 9.5947611319401392e+02, 0.,
       1.0032122666663879e+03, 6.0019502285203419e+02, 0., 0., 1. ]
distortionCoefficients: !!opencv-matrix
   rows: 1
   cols: 5
   dt: d
   data: [ 3.1092219110986617e-02, -9.0423281495514166e-02,
       1.3617346033677728e-02, 4.9883751089886026e-03,
       3.5244288331294060e-02 ]
rotation: !!opencv-matrix
   rows: 3
   cols: 3
   dt: d
   data: [ 1., 0., 0., 0., 1., 0., 0., 0., 1. ]
projection: !!opencv-matrix
   rows: 4
   cols: 4
   dt: d
   data: [ 1.0066209470439055e+03, 0., 9.5947611319401392e+02, 0., 0.,
       1.0032122666663879e+03, 6.0019502285203419e+02, 0., 0., 0., 1.,
       0., 0., 0., 0., 1. ]
