%YAML:1.0
---
cameraMatrix: !!opencv-matrix
   rows: 3
   cols: 3
   dt: d
   data: [ 3.5129563593888741e+02, 0., 2.6274952714486437e+02, 0.,
       3.4909601255087654e+02, 2.2095649057180782e+02, 0., 0., 1. ]
distortionCoefficients: !!opencv-matrix
   rows: 1
   cols: 5
   dt: d
   data: [ 2.9199298031790326e-02, -1.8771679660187449e-01,
       6.3813765241727662e-03, 2.9419596219594857e-03,
       7.5411057172178136e-02 ]
rotation: !!opencv-matrix
   rows: 3
   cols: 3
   dt: d
   data: [ 1., 0., 0., 0., 1., 0., 0., 0., 1. ]
projection: !!opencv-matrix
   rows: 4
   cols: 4
   dt: d
   data: [ 3.5129563593888741e+02, 0., 2.6274952714486437e+02, 0., 0.,
       3.4909601255087654e+02, 2.2095649057180782e+02, 0., 0., 0., 1.,
       0., 0., 0., 0., 1. ]
