%YAML:1.0
---
cameraMatrix: !!opencv-matrix
   rows: 3
   cols: 3
   dt: d
   data: [ 1.0551726890544219e+03, 0., 9.5833474488177683e+02, 0.,
       1.0555272387681630e+03, 5.4297451545244132e+02, 0., 0., 1. ]
distortionCoefficients: !!opencv-matrix
   rows: 1
   cols: 5
   dt: d
   data: [ 7.2061071391362364e-02, -1.4245280845659600e-01,
       -3.2450251388456918e-04, 1.6566684075028581e-03,
       6.7510128572448827e-02 ]
rotation: !!opencv-matrix
   rows: 3
   cols: 3
   dt: d
   data: [ 1., 0., 0., 0., 1., 0., 0., 0., 1. ]
projection: !!opencv-matrix
   rows: 4
   cols: 4
   dt: d
   data: [ 1.0551726890544219e+03, 0., 9.5833474488177683e+02, 0., 0.,
       1.0555272387681630e+03, 5.4297451545244132e+02, 0., 0., 0., 1.,
       0., 0., 0., 0., 1. ]
