%YAML:1.0
---
rotation: !!opencv-matrix
   rows: 3
   cols: 3
   dt: d
   data: [ 9.9989374012440979e-01, -6.6132179075367769e-03,
       -1.2991297430466035e-02, 6.5945619811358614e-03,
       9.9997716286144844e-01, -1.4783463211258795e-03,
       1.3000777372771060e-02, 1.3925173161091595e-03,
       9.9991451668791564e-01 ]
translation: !!opencv-matrix
   rows: 3
   cols: 1
   dt: d
   data: [ -5.5656961290320453e-02, 1.5583629373778394e-03,
       -4.4877673349457171e-03 ]
essential: !!opencv-matrix
   rows: 3
   cols: 3
   dt: d
   data: [ 4.9854789462043292e-05, 4.4898348945563837e-03,
       1.5515952490228369e-03, -3.7637067023666348e-03,
       1.0718186566311003e-04, 5.5710505469175810e-02,
       -1.9252306268366869e-03, -5.5645384450900205e-02,
       1.0252542039268095e-04 ]
fundamental: !!opencv-matrix
   rows: 3
   cols: 3
   dt: d
   data: [ 3.1144997265742831e-08, 2.8068718891071278e-06,
       -2.3618186449197895e-04, -2.3504514213548645e-06,
       6.6983468047173583e-08, 1.3131824069829970e-02,
       -2.2688354541506139e-05, -3.9432956568390486e-02, 1. ]
