%YAML:1.0
---
cameraMatrix: !!opencv-matrix
   rows: 3
   cols: 3
   dt: d
   data: [ 3.6049822164805107e+02, 0., 2.5669552323471208e+02, 0.,
       3.6024031775713422e+02, 2.0578756382388687e+02, 0., 0., 1. ]
distortionCoefficients: !!opencv-matrix
   rows: 1
   cols: 5
   dt: d
   data: [ 7.7485788973882558e-02, -2.4577267010147621e-01,
       -4.5352882885179994e-04, 1.5051897601681748e-04,
       7.7066124605032996e-02 ]
rotation: !!opencv-matrix
   rows: 3
   cols: 3
   dt: d
   data: [ 1., 0., 0., 0., 1., 0., 0., 0., 1. ]
projection: !!opencv-matrix
   rows: 4
   cols: 4
   dt: d
   data: [ 3.6049822164805107e+02, 0., 2.5669552323471208e+02, 0., 0.,
       3.6024031775713422e+02, 2.0578756382388687e+02, 0., 0., 0., 1.,
       0., 0., 0., 0., 1. ]
