%YAML:1.0
---
depthShift: -2.6153161653280915e+01
