%YAML:1.0
---
cameraMatrix: !!opencv-matrix
   rows: 3
   cols: 3
   dt: d
   data: [ 1.0714531115783602e+03, 0., 9.5568883600312779e+02, 0.,
       1.0715466779023961e+03, 5.1357691962686590e+02, 0., 0., 1. ]
distortionCoefficients: !!opencv-matrix
   rows: 1
   cols: 5
   dt: d
   data: [ 7.5369850483926290e-02, -1.3124708958236081e-01,
       1.9027633083170691e-05, 2.9728362873093829e-03,
       5.6583374557040843e-02 ]
rotation: !!opencv-matrix
   rows: 3
   cols: 3
   dt: d
   data: [ 1., 0., 0., 0., 1., 0., 0., 0., 1. ]
projection: !!opencv-matrix
   rows: 4
   cols: 4
   dt: d
   data: [ 1.0714531115783602e+03, 0., 9.5568883600312779e+02, 0., 0.,
       1.0715466779023961e+03, 5.1357691962686590e+02, 0., 0., 0., 1.,
       0., 0., 0., 0., 1. ]
