%YAML:1.0
---
rotation: !!opencv-matrix
   rows: 3
   cols: 3
   dt: d
   data: [ 9.9996814999742933e-01, -3.5568298938382175e-03,
       -7.1447849390297276e-03, 3.5808403734400771e-03,
       9.9998797551375596e-01, 3.3505835491420360e-03,
       7.1327815709321110e-03, -3.3760611674166284e-03,
       9.9996886233425053e-01 ]
translation: !!opencv-matrix
   rows: 3
   cols: 1
   dt: d
   data: [ -5.6015085706447976e-02, 3.4705406470443116e-03,
       1.7811459889994392e-02 ]
essential: !!opencv-matrix
   rows: 3
   cols: 3
   dt: d
   data: [ -3.9025386315592010e-05, -1.7822962473848385e-02,
       3.4107537980160555e-03, 1.8210435965972244e-02,
       -2.5246268863268566e-04, 5.5886082477068159e-02,
       -3.6710111907351370e-03, -5.6002068031099257e-02,
       -1.6288695812651308e-04 ]
fundamental: !!opencv-matrix
   rows: 3
   cols: 3
   dt: d
   data: [ -9.3340195191785895e-08, -4.2666148128876618e-05,
       1.1529073317099655e-02, 4.3551579787217406e-05,
       -6.0431423341502544e-07, 3.7142071697811342e-02,
       -3.1685515135802027e-02, -1.0255585708479145e-01, 1. ]
