%YAML:1.0
---
depthShift: -2.4499328522280507e+01
