%YAML:1.0
---
cameraMatrix: !!opencv-matrix
   rows: 3
   cols: 3
   dt: d
   data: [ 3.6159420751804441e+02, 0., 2.5965072694763609e+02, 0.,
       3.6127625180208025e+02, 2.0051100671404532e+02, 0., 0., 1. ]
distortionCoefficients: !!opencv-matrix
   rows: 1
   cols: 5
   dt: d
   data: [ 7.9847951600425474e-02, -2.6487903577327659e-01,
       1.5788624842106428e-04, -1.5592778358236570e-03,
       9.9323854484197047e-02 ]
rotation: !!opencv-matrix
   rows: 3
   cols: 3
   dt: d
   data: [ 1., 0., 0., 0., 1., 0., 0., 0., 1. ]
projection: !!opencv-matrix
   rows: 4
   cols: 4
   dt: d
   data: [ 3.6159420751804441e+02, 0., 2.5965072694763609e+02, 0., 0.,
       3.6127625180208025e+02, 2.0051100671404532e+02, 0., 0., 0., 1.,
       0., 0., 0., 0., 1. ]
