%YAML:1.0
---
cameraMatrix: !!opencv-matrix
   rows: 3
   cols: 3
   dt: d
   data: [ 3.5500702154662764e+02, 0., 2.6386617249286638e+02, 0.,
       3.5366508136648787e+02, 2.2367359331738328e+02, 0., 0., 1. ]
distortionCoefficients: !!opencv-matrix
   rows: 1
   cols: 5
   dt: d
   data: [ 7.6298839532233861e-02, -2.6408391377863499e-01,
       9.9275601019907962e-03, 5.1356706477606612e-03,
       1.2656558309782978e-01 ]
rotation: !!opencv-matrix
   rows: 3
   cols: 3
   dt: d
   data: [ 1., 0., 0., 0., 1., 0., 0., 0., 1. ]
projection: !!opencv-matrix
   rows: 4
   cols: 4
   dt: d
   data: [ 3.5500702154662764e+02, 0., 2.6386617249286638e+02, 0., 0.,
       3.5366508136648787e+02, 2.2367359331738328e+02, 0., 0., 0., 1.,
       0., 0., 0., 0., 1. ]
