%YAML:1.0
---
cameraMatrix: !!opencv-matrix
   rows: 3
   cols: 3
   dt: d
   data: [ 1.0343332532913751e+03, 0., 9.5442907227893340e+02, 0.,
       1.0362643514649419e+03, 6.2319639462713633e+02, 0., 0., 1. ]
distortionCoefficients: !!opencv-matrix
   rows: 1
   cols: 5
   dt: d
   data: [ 6.1866981319428922e-02, -1.3586482030653507e-01,
       1.9057319435327128e-02, 2.8863234919095427e-03,
       7.7016154750953886e-02 ]
rotation: !!opencv-matrix
   rows: 3
   cols: 3
   dt: d
   data: [ 1., 0., 0., 0., 1., 0., 0., 0., 1. ]
projection: !!opencv-matrix
   rows: 4
   cols: 4
   dt: d
   data: [ 1.0343332532913751e+03, 0., 9.5442907227893340e+02, 0., 0.,
       1.0362643514649419e+03, 6.2319639462713633e+02, 0., 0., 0., 1.,
       0., 0., 0., 0., 1. ]
