%YAML:1.0
---
depthShift: -3.3275558198541468e+01
