%YAML:1.0
---
rotation: !!opencv-matrix
   rows: 3
   cols: 3
   dt: d
   data: [ 9.9987839079871765e-01, -1.4309731200314537e-02,
       -6.1996134348487782e-03, 1.4093403088379071e-02,
       9.9933481360171328e-01, -3.3634897249988999e-02,
       6.6767958749148586e-03, 3.3543433285869756e-02,
       9.9941495810310998e-01 ]
translation: !!opencv-matrix
   rows: 3
   cols: 1
   dt: d
   data: [ -3.9390178748465801e-02, 9.4002147821320350e-04,
       -5.3818250817363840e-03 ]
essential: !!opencv-matrix
   rows: 3
   cols: 3
   dt: d
   data: [ 8.2124561756124787e-05, 5.4097767126357835e-03,
       7.5845439262285544e-04, -5.1181704193068375e-03,
       1.3982943032544058e-03, 3.9400499078652701e-02,
       -1.4950488297774812e-03, -3.9350525482660485e-02,
       1.3307123846487245e-03 ]
fundamental: !!opencv-matrix
   rows: 3
   cols: 3
   dt: d
   data: [ 5.0927734921326365e-08, 3.3674828780293144e-06,
       -5.9968154117533016e-04, -3.1680057941078540e-06,
       8.6878952000141808e-07, 9.2994509678116927e-03,
       9.6673023542839895e-04, -2.9091393427541898e-02, 1. ]
