%YAML:1.0
---
cameraMatrix: !!opencv-matrix
   rows: 3
   cols: 3
   dt: d
   data: [ 1.0697755065498748e+03, 0., 9.5655149655864784e+02, 0.,
       1.0708181977858235e+03, 5.3517266996624744e+02, 0., 0., 1. ]
distortionCoefficients: !!opencv-matrix
   rows: 1
   cols: 5
   dt: d
   data: [ 8.8584326339235561e-02, -1.5847857267455004e-01,
       -7.5963061176388767e-04, -8.0152721552026441e-04,
       7.4954702255277728e-02 ]
rotation: !!opencv-matrix
   rows: 3
   cols: 3
   dt: d
   data: [ 1., 0., 0., 0., 1., 0., 0., 0., 1. ]
projection: !!opencv-matrix
   rows: 4
   cols: 4
   dt: d
   data: [ 1.0697755065498748e+03, 0., 9.5655149655864784e+02, 0., 0.,
       1.0708181977858235e+03, 5.3517266996624744e+02, 0., 0., 0., 1.,
       0., 0., 0., 0., 1. ]
