%YAML:1.0
---
rotation: !!opencv-matrix
   rows: 3
   cols: 3
   dt: d
   data: [ 9.9999847454256108e-01, -7.0042849885577321e-04,
       -1.6000976435469271e-03, 7.1107425889140909e-04,
       9.9997755353543527e-01, 6.6623418318313881e-03,
       1.5953952329237461e-03, -6.6634694569585170e-03,
       9.9997652616891319e-01 ]
translation: !!opencv-matrix
   rows: 3
   cols: 1
   dt: d
   data: [ -5.2264600169278932e-02, 5.4240776167346547e-04,
       6.3143117766467768e-03 ]
essential: !!opencv-matrix
   rows: 3
   cols: 3
   dt: d
   data: [ -3.6245898097137173e-06, -6.3177843602243607e-03,
       5.0032692579650830e-04, 6.3976848383936391e-03,
       -3.5268629082716314e-04, 5.2253269803488309e-02,
       -5.7957094608513640e-04, -5.2263047095928966e-02,
       -3.4733672665043363e-04 ]
fundamental: !!opencv-matrix
   rows: 3
   cols: 3
   dt: d
   data: [ -5.2739566807766469e-09, -9.2009146976312366e-06,
       2.1423291476138410e-03, 9.2998820894989780e-06,
       -5.1313506322963491e-07, 2.5385098319311680e-02,
       -5.8741441695376352e-03, -7.2348450903382072e-02, 1. ]
