%YAML:1.0
---
depthShift: -1.6242274889248005e+01
