%YAML:1.0
---
cameraMatrix: !!opencv-matrix
   rows: 3
   cols: 3
   dt: d
   data: [ 3.6362416181585530e+02, 0., 2.5154723213504445e+02, 0.,
       3.6329901499323631e+02, 2.0392363745952602e+02, 0., 0., 1. ]
distortionCoefficients: !!opencv-matrix
   rows: 1
   cols: 5
   dt: d
   data: [ 7.7789639372146419e-02, -2.6128026079596361e-01,
       1.9305940151683283e-03, -1.6431650402117812e-03,
       9.4327310166925901e-02 ]
rotation: !!opencv-matrix
   rows: 3
   cols: 3
   dt: d
   data: [ 1., 0., 0., 0., 1., 0., 0., 0., 1. ]
projection: !!opencv-matrix
   rows: 4
   cols: 4
   dt: d
   data: [ 3.6362416181585530e+02, 0., 2.5154723213504445e+02, 0., 0.,
       3.6329901499323631e+02, 2.0392363745952602e+02, 0., 0., 0., 1.,
       0., 0., 0., 0., 1. ]
